Persamaan Interpolasi : 
f(x) = 0.290312 + 0.378058x + -0.150586x^2 + 0.024025x^3 + -0.003727x^4
f(0.5) = 0.444465
f(1.0) = 0.538082
f(1.5) = 0.580797
