Solusi sistem persamaan : 
x_1 = 0.000000
x_2 = 2.000000
x_3 = 1.000000
x_4 = 1.000000
