Solusi sistem persamaan : 
x_1 = 0.500000
x_2 = 0.000000
x_3 = 0.000000
x_4 = 0.500000
x_5 = 0.500000
x_6 = 0.500000
