Persamaan Interpolasi : 
f(x) = 7187066071687.195000 + -9346993079206.320000x + 5334203055257.982000x^2 + -1756810186366.876700x^3 + 368550807176.632100x^4 + -51131876760.279250x^5 + 4695806315.441812x^6 + -275474539.421412x^7 + 9372849.239126x^8 + -140993.712249x^9
f(7.516) = 53538.083984
f(8.323) = 36294.636719
f(9.167) = -667693.453125
