Model regresi : 
y = -3.507781 + -0.002625x_1 + 0.000799x_2 + 0.154155x_3
y = 0.989049
y = 0.891389
y = 0.862742
