Persamaan Interpolasi : 
f(x) = -0.022977 + 0.240000x + 0.197397x^2 + -0.000001x^3 + 0.026042x^4 + 0.000000x^5 + -0.000000x^6
f(0.1) = 0.003000
f(0.2) = 0.032961
f(0.55) = 0.171118
