Solusi sistem persamaan : 
x_1 = -0.224324
x_2 = 0.182432
x_3 = 0.709459
x_4 = -0.258108
