Solusi sistem persamaan : 
x_1 = 11.540412
x_2 = 46.616694
x_3 = -1130.944969
x_4 = 3969.618022
x_5 = -5045.250152
x_6 = 2158.663954
