Solusi sistem persamaan : 
x_1 = 13.901258
x_2 = 53.022990
x_3 = -1753.892267
x_4 = 6984.743586
x_5 = -8061.185760
x_6 = -2344.568859
x_7 = 6935.386273
x_8 = 1606.700532
x_9 = -4044.543186
x_10 = 598.181265
