Persamaan Interpolasi : 
f(x) = -0.022625 + 0.235000x + 0.212500x^2
f(0.2) = 0.032875
