Solusi sistem persamaan : 
x_1 = 14.444444
x_2 = 7.222222
x_3 = 10.000000
