Solusi sistem persamaan : 
x_1 = 1.000000
x_2 = 2.000000
x_3 = 3.000000
